0.0738745325963371
0.08630778745064459
0.09361631832220066
0.09625004346808858
0.09265973225728531
0.09693476221581562
0.10340132706253892
0.0993506867916786
0.09873887653100764
0.09837910465851286
0.10041797117543909
0.10400437817240693
0.11196439592851834
0.11296283434173267
0.11980305523762481
0.11938264920346722
0.1165760332233538
0.11261780347427733
0.11029850663316418
0.1108027294508177
0.10746693124739563
0.10856949802928571
0.10724461970939554
0.10431420771066355
0.10309251589179261
0.1041793849574978
0.10266025022726999
0.10111203945713332
0.10247803408266987
0.10422797359964213
0.10422345957256625
0.10195024556211589
0.10156267110885565
0.10106420009596773
0.10091387961443425
0.09892209504375789
0.0986303592660968
0.09953376776360237
0.09855821834197669
0.0998620744498984
0.09807572774411538
0.09838499362580753
0.0974401022446445
0.0957928451563197
0.09420199075478326
0.09338795074293388
0.09277143555593004
0.09211577429775904
0.09194768755807783
0.09403319969727526
