0.09299017885484048
0.17368629782915496
0.2112999045772155
0.22747969710375726
0.23166486045936635
0.23525363344369374
0.24263974847698866
0.24264307489098788
0.23664963033051908
0.22766465653098245
0.22967354626115477
0.22801829550690197
0.22799331851325746
0.22675425873825256
0.2205572409094024
0.21354319713096812
0.2110126618910272
0.20984284572712036
0.21101396313282533
0.20781419239807408
0.20310197550259448
0.20148203244679336
0.1984273929534092
0.19837621145290021
0.20093905217601943
0.19920618254141506
0.20462305257894237
0.2013527123588101
0.19713799109397465
0.19246129301336395
0.18800991284976798
0.1844397527931547
0.18038367411572334
0.17775078731379285
0.1750384301527916
0.17355795409507557
0.1700767976596437
0.16846378715373464
0.16637189446175762
0.16541903058776533
0.16480460071403294
0.1618136871262106
0.16051242322768275
0.15771309569417455
0.15591935009233276
0.15602320374182382
0.15538466532957387
0.1528619860283222
0.1519344456598236
0.1503345015624751
