0.37142857142857144
0.2714285714285714
0.21904761904761905
0.18571428571428572
0.16
0.15238095238095237
0.14693877551020404
0.13214285714285715
0.12380952380952383
0.11714285714285716
0.11688311688311688
0.11428571428571428
0.11428571428571431
0.11224489795918369
0.1161904761904762
0.1125
0.10756302521008401
0.10158730158730156
0.09774436090225565
0.09714285714285711
0.09251700680272106
0.09220779220779218
0.08944099378881992
0.0857142857142857
0.08342857142857145
0.08351648351648353
0.0814814814814815
0.07959183673469386
0.07980295566502461
0.08
0.07926267281105989
0.07678571428571429
0.07619047619047617
0.0756302521008403
0.07510204081632652
0.073015873015873
0.07258687258687259
0.07218045112781954
0.07106227106227105
0.07142857142857142
0.06968641114982581
0.06938775510204082
0.06843853820598006
0.06688311688311686
0.0653968253968254
0.06459627329192548
0.06382978723404256
0.0630952380952381
0.06297376093294461
0.06400000000000002
