0.42857142857142855
0.4142857142857143
0.4
0.35
0.3142857142857143
0.2952380952380952
0.28571428571428575
0.2714285714285714
0.2571428571428571
0.24000000000000002
0.2337662337662337
0.22380952380952376
0.21978021978021978
0.21428571428571427
0.20380952380952383
0.19285714285714287
0.18655462184873947
0.18253968253968253
0.18045112781954883
0.1757142857142857
0.16870748299319727
0.16493506493506493
0.16024844720496892
0.15833333333333335
0.15771428571428578
0.15384615384615383
0.15555555555555553
0.15204081632653058
0.14778325123152708
0.14285714285714285
0.13824884792626724
0.13482142857142856
0.1307359307359307
0.12773109243697472
0.12489795918367341
0.12301587301587295
0.11969111969111973
0.1180451127819549
0.11575091575091574
0.11428571428571428
0.11289198606271779
0.11020408163265306
0.10897009966777411
0.10649350649350652
0.10476190476190476
0.10434782608695654
0.10334346504559272
0.1011904761904762
0.10029154518950434
0.09885714285714291
