0.043857180230085425
0.0568629896088
0.0668629896088
0.07454493030960863
0.07667131545486171
0.08422957031769877
0.10267755656716164
0.10391979259200636
0.10766128919064581
0.11296227751050206
0.11822345057315171
0.13579221721024137
0.1830711287748672
0.18839499745277316
0.20245625931551164
0.20709447823944485
0.20833671426428957
0.20833671426428957
0.20957895028913429
0.213746151760918
0.213746151760918
0.2206344416680758
0.22349158452521867
0.22349158452521867
0.22587253690617107
0.23037279854928983
0.23147169964819092
0.23233750051399177
0.23776444072354067
0.24662572436743305
0.24990877671880837
0.24990877671880837
0.25203516186406144
0.253673146520914
0.2568096326762681
0.2568096326762681
0.2587092604519066
0.29204259378523995
0.29314149488414104
0.2988104291245039
0.2988104291245039
0.30467123498530974
0.3055370358511106
0.3055370358511106
0.3055370358511106
0.30640283671691143
0.30799013830421307
0.3092323743290578
0.3106372587528101
0.3216525327869521
