0.05688542182975559
0.1419761442250602
0.18655894803791206
0.22941095676593157
0.2575010607320463
0.27730959119919624
0.29956172361305367
0.3172089831857791
0.3236025297410507
0.32648275042274805
0.3441236671319878
0.3536598452395945
0.3631387053770741
0.371145545471105
0.3740655814100089
0.3753078174348536
0.3827856765030092
0.3892084462798162
0.3990449451846381
0.4024135663547359
0.40479451873568834
0.41308870433445605
0.41637175668583143
0.42530086291951985
0.4414410581280381
0.45123697649538497
0.4944190187457503
0.49631864652138885
0.4968577300793404
0.4968577300793404
0.4968577300793404
0.4973968136372919
0.4973968136372919
0.4997777660182442
0.5011383102359313
0.5044213625873066
0.5044213625873066
0.5070012624717887
0.5095986650691913
0.5142368839931244
0.5451892649455055
0.5451892649455055
0.5471539669102073
0.5471539669102073
0.5487412684975089
0.5546020743583148
0.5602710085986775
0.5602710085986775
0.5634074947540316
0.5646497307788764
